-1002725615151
-1002786220497
-1002725372318
-1002577323987
-1002911373912
-1002921586271
-1003039557337
-1002928458816
-1002855141420
-1002550970322
-1002651302216
-1002897096432
-1002861673460
-1003049787473
-1002799422080
-1002706444013
-1002824741799
-1002658938416
-1002956060927
-1003024814380
-1002884761815
-1002906081094
-1002856559471
-1002755773961
-1002609086559
-1003088970072
-1003088751367
-1002704965042
-1002779321127
-1002791804491
-1003022250660
-1002885058792
-1002932755002
-1002942181087
-1002597162130
-1002949496816
-1002524004521
-1003032229292
-1002818754162
-1002737888918
-1002803589900
-1003083715316
-1003031775487
-1002821998091
-1002730650616
-1003020983145
-1002876912367
-1002813447063
-1002351186413
-1002614137711
-1002763987982
-1002164108723
-1002753337934
-1003013609009
-1002893607520
-1002731136888
-1002858091745
-1002757159590
-1002880833684
-1002969918793
-1003024115322
-1002914619828
-1002937507067
-1002529798371
-1003091553422
-1003098349373
-1002998838294
-1002764743208
-1002636074054
-1002540463529
-1002761599240
-1003009191674
-1002930269688
-1003036155712
-1002750113343
-1002716943649
-1002936420447
-1002792340252
-1002913909578
-1003078577814
-1002838457847
-1002486401485
-1002670140257
-1002523870742
-1002962323842
-1002925629186
-1002741517679
-1003011465924
-1002634256154
-1002952373476
-1002801253477
-1002494820891
-1003071035405
-1002916573438
-1002572372189
-1002802857440
-1002919104586
-1002921530241
-1002948262178
-1002760008971
-1002960735137
-1003001330505
-1003062414755
-1003060674703
-1002851549376
-1002776743322
-1002798254310
-1002316556549
-1003013822526
-1002803508618
-1002914445067
-1003043758206
-1002258220280
-1002905175085
-1002913582508
-1002860483435
-1002742924343
-1002663086632
-1002522421301
-1002820161267
-1002903578048
-1003019528419
-1002555968633
-1002589634686
-1002630963444
-1002617201510
-1002638356464
-1002587668404
